image_width: 2448
image_height: 2048
camera_name: 17085863
camera_matrix:
  rows: 3
  cols: 3
  data: [1422.898882, 0.000000, 1283.541028, 0.000000, 1424.375504, 995.484003, 0.000000, 0.000000, 1.000000]
distortion_model: plumb_bob
distortion_coefficients:
  rows: 1
  cols: 5
  data: [-0.301318, 0.071708, 0.000782, -0.002083, 0.000000]
rectification_matrix:
  rows: 3
  cols: 3
  data: [1.000000, 0.000000, 0.000000, 0.000000, 1.000000, 0.000000, 0.000000, 0.000000, 1.000000]
projection_matrix:
  rows: 3
  cols: 4
  data: [1029.424316, 0.000000, 1292.418748, 0.000000, 0.000000, 1147.568848, 983.290022, 0.000000, 0.000000, 0.000000, 1.000000, 0.000000]
