image_width: 2448
image_height: 2048
camera_name: pg_17085854
camera_matrix:
  rows: 3
  cols: 3
  data: [1373.359389, 0.000000, 1254.090540, 0.000000, 1376.238543, 1073.506672, 0.000000, 0.000000, 1.000000]
distortion_model: plumb_bob
distortion_coefficients:
  rows: 1
  cols: 5
  data: [-0.298603, 0.070651, -0.001242, -0.001183, 0.000000]
rectification_matrix:
  rows: 3
  cols: 3
  data: [1.000000, 0.000000, 0.000000, 0.000000, 1.000000, 0.000000, 0.000000, 0.000000, 1.000000]
projection_matrix:
  rows: 3
  cols: 4
  data: [982.823120, 0.000000, 1243.252253, 0.000000, 0.000000, 1088.976440, 1096.649221, 0.000000, 0.000000, 0.000000, 1.000000, 0.000000]
